# Frequency    Median Mag     Phase (Rad)    -1 Sigma Mag   -1 Sigma Phase +1 Sigma Mag   +1 Sigma Phase
+5.0000000e+00 +9.9129548e-01 -9.9844535e-03 +9.3866234e-01 -5.4271700e-02 +1.0432891e+00 +3.3753520e-02
+5.2794910e+00 +9.9100977e-01 -8.9688852e-03 +9.4206250e-01 -5.1564173e-02 +1.0394217e+00 +3.3021570e-02
+5.5746050e+00 +9.9097892e-01 -8.2215705e-03 +9.4497133e-01 -4.9024978e-02 +1.0363078e+00 +3.2316719e-02
+5.8862153e+00 +9.9064420e-01 -7.4394216e-03 +9.4751231e-01 -4.6765771e-02 +1.0335788e+00 +3.1706226e-02
+6.2152441e+00 +9.9076786e-01 -6.4970691e-03 +9.4969224e-01 -4.4251936e-02 +1.0314309e+00 +3.0947325e-02
+6.5626651e+00 +9.9089876e-01 -5.6482700e-03 +9.5170325e-01 -4.1859717e-02 +1.0296923e+00 +3.0361910e-02
+6.9295062e+00 +9.9122367e-01 -4.8170067e-03 +9.5355371e-01 -3.9017037e-02 +1.0285152e+00 +2.9596789e-02
+7.3168531e+00 +9.9128541e-01 -3.8232850e-03 +9.5490878e-01 -3.6252105e-02 +1.0277825e+00 +2.8306009e-02
+7.7258520e+00 +9.9174843e-01 -2.9353588e-03 +9.5629328e-01 -3.3376862e-02 +1.0271619e+00 +2.7065663e-02
+8.1577131e+00 +9.9222447e-01 -2.1633551e-03 +9.5758643e-01 -3.0532359e-02 +1.0272298e+00 +2.5690493e-02
+8.6137146e+00 +9.9294529e-01 -1.4062679e-03 +9.5901008e-01 -2.7528921e-02 +1.0271889e+00 +2.4029977e-02
+9.0952057e+00 +9.9377768e-01 -8.1742769e-04 +9.6049163e-01 -2.4670099e-02 +1.0271011e+00 +2.2356787e-02
+9.6036112e+00 +9.9443708e-01 -3.5917643e-04 +9.6207954e-01 -2.1840243e-02 +1.0268857e+00 +2.0661465e-02
+1.0140436e+01 +9.9521690e-01 +2.4110714e-05 +9.6355335e-01 -1.9030070e-02 +1.0267485e+00 +1.8749460e-02
+1.0707268e+01 +9.9618515e-01 +3.1842126e-04 +9.6511464e-01 -1.6427153e-02 +1.0265996e+00 +1.7109622e-02
+1.1305785e+01 +9.9688382e-01 +5.5088385e-04 +9.6714532e-01 -1.4231195e-02 +1.0261319e+00 +1.5278130e-02
+1.1937758e+01 +9.9752782e-01 +7.6098420e-04 +9.6908955e-01 -1.2283650e-02 +1.0257602e+00 +1.3835572e-02
+1.2605057e+01 +9.9824363e-01 +9.2945409e-04 +9.7109136e-01 -1.0457060e-02 +1.0253506e+00 +1.2384975e-02
+1.3309657e+01 +9.9900563e-01 +1.0926047e-03 +9.7289293e-01 -8.9278771e-03 +1.0248279e+00 +1.1100449e-02
+1.4053643e+01 +9.9968110e-01 +1.2080957e-03 +9.7466425e-01 -7.6534209e-03 +1.0245943e+00 +1.0062677e-02
+1.4839216e+01 +1.0001588e+00 +1.2968445e-03 +9.7626137e-01 -6.7226214e-03 +1.0242400e+00 +9.1925990e-03
+1.5668701e+01 +1.0009167e+00 +1.3636811e-03 +9.7794469e-01 -5.9558521e-03 +1.0238782e+00 +8.7771835e-03
+1.6544553e+01 +1.0016044e+00 +1.4048127e-03 +9.7930582e-01 -5.7129353e-03 +1.0236208e+00 +8.5634959e-03
+1.7469364e+01 +1.0021914e+00 +1.2995071e-03 +9.8062724e-01 -5.8484140e-03 +1.0236130e+00 +8.5027331e-03
+1.8445870e+01 +1.0029054e+00 +1.3483851e-03 +9.8183979e-01 -6.2386213e-03 +1.0240070e+00 +8.8244806e-03
+1.9476961e+01 +1.0035988e+00 +1.3063026e-03 +9.8283048e-01 -7.0089023e-03 +1.0242366e+00 +9.4745453e-03
+2.0565688e+01 +1.0041434e+00 +1.1216131e-03 +9.8362173e-01 -8.1046398e-03 +1.0246854e+00 +1.0389444e-02
+2.1715272e+01 +1.0047750e+00 +9.7532281e-04 +9.8447445e-01 -9.5481624e-03 +1.0252104e+00 +1.1446695e-02
+2.2929117e+01 +1.0054806e+00 +7.5562966e-04 +9.8485055e-01 -1.1273961e-02 +1.0259833e+00 +1.3011968e-02
+2.4210813e+01 +1.0061220e+00 +5.1247027e-04 +9.8531822e-01 -1.3507276e-02 +1.0267232e+00 +1.4737053e-02
+2.5564154e+01 +1.0067634e+00 +1.0713510e-04 +9.8588582e-01 -1.6259066e-02 +1.0276177e+00 +1.6929144e-02
+2.6993144e+01 +1.0073417e+00 -3.5168415e-04 +9.8633312e-01 -1.9311385e-02 +1.0284489e+00 +1.9267088e-02
+2.8502012e+01 +1.0080225e+00 -8.2931938e-04 +9.8701510e-01 -2.3060238e-02 +1.0292921e+00 +2.1859605e-02
+3.0095223e+01 +1.0088249e+00 -1.7673916e-03 +9.8812544e-01 -2.7313731e-02 +1.0298958e+00 +2.4487579e-02
+3.1777491e+01 +1.0093497e+00 -2.6451861e-03 +9.8916288e-01 -3.2249182e-02 +1.0302030e+00 +2.7522000e-02
+3.3553796e+01 +1.0098968e+00 -3.8294072e-03 +9.9026373e-01 -3.7594136e-02 +1.0303500e+00 +3.0380628e-02
+3.5429392e+01 +1.0105467e+00 -4.8331189e-03 +9.9045316e-01 -4.3092958e-02 +1.0306828e+00 +3.3230735e-02
+3.7409832e+01 +1.0109178e+00 -6.1759458e-03 +9.8905044e-01 -4.8384827e-02 +1.0322119e+00 +3.4926292e-02
+3.9500974e+01 +1.0105972e+00 -7.6452020e-03 +9.8499165e-01 -5.2637686e-02 +1.0352002e+00 +3.5310933e-02
+4.1709007e+01 +1.0093401e+00 -9.0691806e-03 +9.7775484e-01 -5.4306905e-02 +1.0399986e+00 +3.3652611e-02
+4.4040465e+01 +1.0077753e+00 -9.6774255e-03 +9.6924769e-01 -5.2653336e-02 +1.0453026e+00 +2.9723141e-02
+4.6502247e+01 +1.0057015e+00 -1.0354556e-02 +9.6080073e-01 -4.8473338e-02 +1.0494844e+00 +2.3988438e-02
+4.9101639e+01 +1.0039798e+00 -1.0491261e-02 +9.5482677e-01 -4.1546832e-02 +1.0514814e+00 +1.8266368e-02
+5.1846332e+01 +1.0022934e+00 -9.7260741e-03 +9.5220923e-01 -3.4597721e-02 +1.0501611e+00 +1.4513061e-02
+5.4744448e+01 +1.0011171e+00 -8.8448136e-03 +9.5299794e-01 -3.0727228e-02 +1.0465428e+00 +1.3688904e-02
+5.7804564e+01 +1.0002507e+00 -7.6223905e-03 +9.5575922e-01 -2.9854782e-02 +1.0419926e+00 +1.5753583e-02
+6.1035735e+01 +9.9955990e-01 -6.2686746e-03 +9.6036088e-01 -3.0108932e-02 +1.0370727e+00 +1.8916505e-02
+6.4447522e+01 +9.9932332e-01 -4.9530287e-03 +9.6522169e-01 -3.0535092e-02 +1.0323728e+00 +2.1787179e-02
+6.8050022e+01 +9.9932247e-01 -4.0025946e-03 +9.7007439e-01 -3.0606666e-02 +1.0276141e+00 +2.4030344e-02
+7.1853896e+01 +9.9952290e-01 -3.0115026e-03 +9.7473446e-01 -3.0327900e-02 +1.0237271e+00 +2.5508601e-02
+7.5870399e+01 +9.9959419e-01 -2.2403723e-03 +9.7890249e-01 -2.9953217e-02 +1.0202574e+00 +2.6734756e-02
+8.0111417e+01 +9.9994380e-01 -1.3907210e-03 +9.8248316e-01 -2.9283159e-02 +1.0174214e+00 +2.7099419e-02
+8.4589501e+01 +1.0003405e+00 -7.5251684e-04 +9.8576855e-01 -2.8662314e-02 +1.0150900e+00 +2.7553764e-02
+8.9317901e+01 +1.0006986e+00 -1.0094372e-04 +9.8830011e-01 -2.7925222e-02 +1.0134195e+00 +2.7628929e-02
+9.4310610e+01 +1.0012488e+00 +3.1925302e-04 +9.9033651e-01 -2.6858750e-02 +1.0120419e+00 +2.7477127e-02
+9.9582403e+01 +1.0017267e+00 +7.3206508e-04 +9.9186672e-01 -2.5879855e-02 +1.0112788e+00 +2.7393745e-02
+1.0514888e+02 +1.0020546e+00 +1.1740606e-03 +9.9269356e-01 -2.5066517e-02 +1.0111294e+00 +2.7018687e-02
+1.1102651e+02 +1.0023786e+00 +1.4166388e-03 +9.9310655e-01 -2.4218835e-02 +1.0117323e+00 +2.6572361e-02
+1.1723269e+02 +1.0027255e+00 +1.7921331e-03 +9.9313233e-01 -2.3177644e-02 +1.0126219e+00 +2.6280280e-02
+1.2378579e+02 +1.0030410e+00 +2.1978013e-03 +9.9262934e-01 -2.1878589e-02 +1.0139039e+00 +2.5988789e-02
+1.3070519e+02 +1.0034238e+00 +2.6567203e-03 +9.9187424e-01 -2.0639439e-02 +1.0155565e+00 +2.5467239e-02
+1.3801138e+02 +1.0038476e+00 +3.1869670e-03 +9.9086462e-01 -1.9336182e-02 +1.0175195e+00 +2.4772164e-02
+1.4572596e+02 +1.0044146e+00 +3.6097878e-03 +9.8973288e-01 -1.7741459e-02 +1.0196846e+00 +2.3891990e-02
+1.5387178e+02 +1.0050973e+00 +3.9488339e-03 +9.8863179e-01 -1.5911856e-02 +1.0218562e+00 +2.2703452e-02
+1.6247294e+02 +1.0057812e+00 +4.1082935e-03 +9.8775510e-01 -1.3875949e-02 +1.0242054e+00 +2.0958696e-02
+1.7155488e+02 +1.0066451e+00 +4.1897856e-03 +9.8727041e-01 -1.1313347e-02 +1.0261542e+00 +1.8907505e-02
+1.8114449e+02 +1.0074000e+00 +4.1242733e-03 +9.8737694e-01 -8.5257140e-03 +1.0275036e+00 +1.6315094e-02
+1.9127014e+02 +1.0079492e+00 +3.9575069e-03 +9.8825887e-01 -6.0382732e-03 +1.0276720e+00 +1.3609791e-02
+2.0196179e+02 +1.0085472e+00 +3.6770034e-03 +9.8981061e-01 -4.1528561e-03 +1.0269481e+00 +1.1463171e-02
+2.1325109e+02 +1.0088590e+00 +3.3834083e-03 +9.9169534e-01 -3.2332191e-03 +1.0256051e+00 +9.8767747e-03
+2.2517144e+02 +1.0089219e+00 +3.1545216e-03 +9.9354991e-01 -2.7978976e-03 +1.0237775e+00 +9.0143670e-03
+2.3775812e+02 +1.0087886e+00 +3.0489684e-03 +9.9530455e-01 -2.5298919e-03 +1.0220740e+00 +8.6209458e-03
+2.5104837e+02 +1.0086301e+00 +3.0851495e-03 +9.9674539e-01 -2.3685563e-03 +1.0204724e+00 +8.4603257e-03
+2.6508152e+02 +1.0084973e+00 +3.1464579e-03 +9.9805477e-01 -2.2183504e-03 +1.0189736e+00 +8.5617136e-03
+2.7989910e+02 +1.0080703e+00 +3.2477546e-03 +9.9915353e-01 -2.1701464e-03 +1.0172593e+00 +8.6815241e-03
+2.9554495e+02 +1.0070199e+00 +3.8137108e-03 +9.9901162e-01 -2.3585519e-03 +1.0152967e+00 +1.0155268e-02
+3.1206538e+02 +1.0077377e+00 +4.7210317e-03 +9.9870959e-01 -1.7734946e-03 +1.0169204e+00 +1.1490384e-02
+3.2950927e+02 +1.0090255e+00 +5.6388647e-03 +9.9687192e-01 -4.3040001e-04 +1.0211510e+00 +1.1753442e-02
+3.4792825e+02 +1.0087877e+00 +5.3284724e-03 +9.9882586e-01 -2.9180503e-04 +1.0186902e+00 +1.0935141e-02
+3.6737681e+02 +1.0085573e+00 +5.5315072e-03 +9.9948266e-01 -1.8378550e-04 +1.0178187e+00 +1.1262598e-02
+3.8791251e+02 +1.0082950e+00 +5.7962555e-03 +9.9961182e-01 +1.1453847e-04 +1.0171829e+00 +1.1603451e-02
+4.0959612e+02 +1.0078186e+00 +6.1192920e-03 +9.9946299e-01 +5.3775258e-04 +1.0164259e+00 +1.1966323e-02
+4.3249180e+02 +1.0071800e+00 +7.4910262e-03 +9.9889597e-01 +8.0587282e-04 +1.0157325e+00 +1.4350684e-02
+4.5666731e+02 +1.0067902e+00 +7.8537964e-03 +9.9875195e-01 +1.1752217e-03 +1.0152868e+00 +1.4641064e-02
+4.8219419e+02 +1.0081249e+00 +9.0532448e-03 +9.9880579e-01 +2.6717018e-03 +1.0177064e+00 +1.5477996e-02
+5.0914797e+02 +1.0074200e+00 +9.5285358e-03 +9.9880370e-01 +2.9332598e-03 +1.0164449e+00 +1.6060353e-02
+5.3760843e+02 +1.0067694e+00 +1.0404891e-02 +9.9838640e-01 +3.3299667e-03 +1.0157338e+00 +1.7441686e-02
+5.6765977e+02 +1.0076726e+00 +1.0603857e-02 +9.9887964e-01 +4.4765188e-03 +1.0167869e+00 +1.6826834e-02
+5.9939092e+02 +1.0068940e+00 +1.1087956e-02 +9.9866259e-01 +4.9085224e-03 +1.0157396e+00 +1.7335134e-02
+6.3289579e+02 +1.0064097e+00 +1.1991499e-02 +9.9820838e-01 +5.5597613e-03 +1.0152067e+00 +1.8520566e-02
+6.6827353e+02 +1.0060020e+00 +1.3001057e-02 +9.9779442e-01 +6.3548494e-03 +1.0149390e+00 +1.9803145e-02
+7.0562881e+02 +1.0057167e+00 +1.3983626e-02 +9.9744597e-01 +7.2109830e-03 +1.0146816e+00 +2.0988924e-02
+7.4507219e+02 +1.0054473e+00 +1.4960986e-02 +9.9708755e-01 +8.0843642e-03 +1.0144973e+00 +2.2153712e-02
+7.8672038e+02 +1.0052054e+00 +1.5920432e-02 +9.9672930e-01 +8.9777845e-03 +1.0142758e+00 +2.3236578e-02
+8.3069662e+02 +1.0048627e+00 +1.6909532e-02 +9.9627313e-01 +9.8438193e-03 +1.0140262e+00 +2.4279115e-02
+8.7713107e+02 +1.0044790e+00 +1.7908005e-02 +9.9585104e-01 +1.0605785e-02 +1.0137160e+00 +2.5355661e-02
+9.2616111e+02 +1.0040815e+00 +1.8880997e-02 +9.9536158e-01 +1.1364794e-02 +1.0133884e+00 +2.6449000e-02
+9.7793184e+02 +1.0035532e+00 +1.9889370e-02 +9.9473195e-01 +1.2160702e-02 +1.0128320e+00 +2.7766623e-02
+1.0325965e+03 +1.0030296e+00 +2.0960467e-02 +9.9407238e-01 +1.2943777e-02 +1.0124046e+00 +2.9083325e-02
+1.0903167e+03 +1.0024887e+00 +2.2058864e-02 +9.9331647e-01 +1.3799396e-02 +1.0119622e+00 +3.0507741e-02
+1.1512635e+03 +1.0018149e+00 +2.3186031e-02 +9.9259845e-01 +1.4604590e-02 +1.0114677e+00 +3.1951905e-02
+1.2156170e+03 +1.0011758e+00 +2.4367713e-02 +9.9166948e-01 +1.5418341e-02 +1.0110287e+00 +3.3574058e-02
+1.2835678e+03 +1.0005304e+00 +2.5599688e-02 +9.9077236e-01 +1.6263747e-02 +1.0105793e+00 +3.5161449e-02
+1.3553170e+03 +9.9990876e-01 +2.6860113e-02 +9.8980788e-01 +1.7063402e-02 +1.0101976e+00 +3.6754087e-02
+1.4310767e+03 +9.9913832e-01 +2.8056224e-02 +9.8876170e-01 +1.7835251e-02 +1.0096544e+00 +3.8479604e-02
+1.5110713e+03 +9.9838043e-01 +2.9383982e-02 +9.8768658e-01 +1.8708706e-02 +1.0091368e+00 +4.0326433e-02
+1.5955375e+03 +9.9759421e-01 +3.0722923e-02 +9.8642797e-01 +1.9498672e-02 +1.0086814e+00 +4.2277611e-02
+1.6847252e+03 +9.9677017e-01 +3.2144570e-02 +9.8516272e-01 +2.0245360e-02 +1.0081620e+00 +4.4279896e-02
+1.7788982e+03 +9.9587515e-01 +3.3588751e-02 +9.8384819e-01 +2.0979145e-02 +1.0077291e+00 +4.6290624e-02
+1.8783354e+03 +9.9489417e-01 +3.4991277e-02 +9.8240415e-01 +2.1710007e-02 +1.0074059e+00 +4.8464489e-02
+1.9833310e+03 +9.9398027e-01 +3.6433470e-02 +9.8098427e-01 +2.2390718e-02 +1.0069538e+00 +5.0730868e-02
+2.0941956e+03 +9.9296006e-01 +3.7930846e-02 +9.7946199e-01 +2.3006154e-02 +1.0065254e+00 +5.2980261e-02
+2.2112574e+03 +9.9193000e-01 +3.9433057e-02 +9.7781947e-01 +2.3637554e-02 +1.0061507e+00 +5.5293368e-02
+2.3348627e+03 +9.9085302e-01 +4.0918773e-02 +9.7605509e-01 +2.4356909e-02 +1.0058021e+00 +5.7733776e-02
+2.4653773e+03 +9.8977161e-01 +4.2442308e-02 +9.7415667e-01 +2.4891758e-02 +1.0054286e+00 +6.0312129e-02
+2.6031874e+03 +9.8862397e-01 +4.3912022e-02 +9.7214098e-01 +2.5321925e-02 +1.0049818e+00 +6.2923528e-02
+2.7487009e+03 +9.8753000e-01 +4.5468503e-02 +9.7010105e-01 +2.5795430e-02 +1.0046076e+00 +6.5630647e-02
+2.9023483e+03 +9.8631394e-01 +4.7168986e-02 +9.6804343e-01 +2.6350681e-02 +1.0044217e+00 +6.8395463e-02
+3.0645843e+03 +9.8508579e-01 +4.8749110e-02 +9.6597974e-01 +2.6679848e-02 +1.0039737e+00 +7.1367848e-02
+3.2358891e+03 +9.8372123e-01 +5.0360317e-02 +9.6366363e-01 +2.6930383e-02 +1.0037001e+00 +7.4436757e-02
+3.4167694e+03 +9.8235151e-01 +5.2027732e-02 +9.6125155e-01 +2.7139950e-02 +1.0035132e+00 +7.7484170e-02
+3.6077607e+03 +9.8096332e-01 +5.3572370e-02 +9.5886803e-01 +2.7291318e-02 +1.0033195e+00 +8.0655489e-02
+3.8094280e+03 +9.7967426e-01 +5.5219353e-02 +9.5651447e-01 +2.7293331e-02 +1.0032121e+00 +8.3840676e-02
+4.0223681e+03 +9.7823764e-01 +5.6833799e-02 +9.5399390e-01 +2.7257113e-02 +1.0029241e+00 +8.7117928e-02
+4.2472112e+03 +9.7675487e-01 +5.8545738e-02 +9.5134239e-01 +2.7209576e-02 +1.0028646e+00 +9.0607618e-02
+4.4846227e+03 +9.7544268e-01 +6.0095598e-02 +9.4864665e-01 +2.7129563e-02 +1.0028152e+00 +9.4010628e-02
+4.7353050e+03 +9.7396145e-01 +6.1787953e-02 +9.4589064e-01 +2.6798134e-02 +1.0029121e+00 +9.7589222e-02
+5.0000000e+03 +9.7251396e-01 +6.3547756e-02 +9.4319425e-01 +2.6411628e-02 +1.0029850e+00 +1.0130554e-01
