# Frequency    Median Mag     Phase (Rad)    -1 Sigma Mag   -1 Sigma Phase +1 Sigma Mag   +1 Sigma Phase
+5.0000000e+00 +1.0438720e+00 -7.4336537e-03 +9.9403478e-01 -9.6087036e-02 +1.0970582e+00 +8.0628568e-02
+5.2794910e+00 +1.0435067e+00 -1.1667312e-02 +9.9271243e-01 -8.6280995e-02 +1.0967882e+00 +6.2239785e-02
+5.5746050e+00 +1.0421585e+00 -1.5525216e-02 +9.9242568e-01 -7.6246352e-02 +1.0937892e+00 +4.5842054e-02
+5.8862153e+00 +1.0402701e+00 -1.8378363e-02 +9.9368487e-01 -6.8019115e-02 +1.0882890e+00 +3.1889489e-02
+6.2152441e+00 +1.0376625e+00 -2.0001049e-02 +9.9503040e-01 -5.9973360e-02 +1.0814806e+00 +2.0655531e-02
+6.5626651e+00 +1.0351245e+00 -2.1007474e-02 +9.9719772e-01 -5.3377949e-02 +1.0741041e+00 +1.2117345e-02
+6.9295062e+00 +1.0330179e+00 -2.1266512e-02 +9.9937754e-01 -4.8240618e-02 +1.0676419e+00 +5.6155803e-03
+7.3168531e+00 +1.0311185e+00 -2.1677484e-02 +1.0005126e+00 -4.4055719e-02 +1.0623948e+00 +5.7628355e-04
+7.7258520e+00 +1.0285392e+00 -2.1956091e-02 +9.9997794e-01 -4.0335722e-02 +1.0595119e+00 -3.2581988e-03
+8.1577131e+00 +1.0264470e+00 -2.2228277e-02 +9.9828624e-01 -3.7452271e-02 +1.0581662e+00 -6.4880560e-03
+8.6137146e+00 +1.0242328e+00 -2.2624847e-02 +9.9613023e-01 -3.5612332e-02 +1.0578655e+00 -8.8850415e-03
+9.0952057e+00 +1.0225227e+00 -2.3076665e-02 +9.9416603e-01 -3.6819280e-02 +1.0570879e+00 -9.0941208e-03
+9.6036112e+00 +1.0208240e+00 -2.3348656e-02 +9.9271395e-01 -4.0872151e-02 +1.0557155e+00 -6.4401894e-03
+1.0140436e+01 +1.0193975e+00 -2.3600462e-02 +9.9181701e-01 -4.5966164e-02 +1.0533335e+00 -2.7463223e-03
+1.0707268e+01 +1.0180411e+00 -2.3810589e-02 +9.9198819e-01 -5.1623743e-02 +1.0495209e+00 +1.1632679e-03
+1.1305785e+01 +1.0167921e+00 -2.4401968e-02 +9.9278989e-01 -5.7232737e-02 +1.0453751e+00 +5.2730208e-03
+1.1937758e+01 +1.0152451e+00 -2.4803751e-02 +9.9373764e-01 -6.2391997e-02 +1.0400546e+00 +8.8412912e-03
+1.2605057e+01 +1.0135819e+00 -2.5164241e-02 +9.9449704e-01 -6.6803564e-02 +1.0344083e+00 +1.1875765e-02
+1.3309657e+01 +1.0116715e+00 -2.5249652e-02 +9.9472124e-01 -7.0245444e-02 +1.0293012e+00 +1.3968928e-02
+1.4053643e+01 +1.0091672e+00 -2.5546616e-02 +9.9349042e-01 -7.2270326e-02 +1.0250159e+00 +1.5058887e-02
+1.4839216e+01 +1.0059745e+00 -2.5429276e-02 +9.8991823e-01 -7.2422314e-02 +1.0221127e+00 +1.5466954e-02
+1.5668701e+01 +1.0024629e+00 -2.5253276e-02 +9.8447972e-01 -7.1221500e-02 +1.0211759e+00 +1.5088588e-02
+1.6544553e+01 +9.9917940e-01 -2.4386189e-02 +9.7797945e-01 -6.8383894e-02 +1.0214691e+00 +1.3907008e-02
+1.7469364e+01 +9.9620908e-01 -2.2989325e-02 +9.7135234e-01 -6.3618620e-02 +1.0221060e+00 +1.2168097e-02
+1.8445870e+01 +9.9344089e-01 -2.1275401e-02 +9.6563641e-01 -5.6961443e-02 +1.0220581e+00 +1.0064668e-02
+1.9476961e+01 +9.9132089e-01 -1.9015982e-02 +9.6091741e-01 -4.9451028e-02 +1.0217068e+00 +8.0388109e-03
+2.0565688e+01 +9.8971005e-01 -1.6225758e-02 +9.5819345e-01 -4.1922329e-02 +1.0207229e+00 +6.5540737e-03
+2.1715272e+01 +9.8865728e-01 -1.3458496e-02 +9.5743785e-01 -3.4679505e-02 +1.0190831e+00 +5.4800757e-03
+2.2929117e+01 +9.8812259e-01 -1.0589803e-02 +9.5848083e-01 -2.7911273e-02 +1.0172542e+00 +5.4717582e-03
+2.4210813e+01 +9.8807217e-01 -7.6531542e-03 +9.6031029e-01 -2.2893548e-02 +1.0154739e+00 +6.3000813e-03
+2.5564154e+01 +9.8863660e-01 -4.9653038e-03 +9.6324405e-01 -1.8905131e-02 +1.0135306e+00 +8.2945531e-03
+2.6993144e+01 +9.8948598e-01 -2.5823227e-03 +9.6657029e-01 -1.6270233e-02 +1.0117707e+00 +1.0829705e-02
+2.8502012e+01 +9.9027225e-01 -2.5605774e-04 +9.7036565e-01 -1.4294270e-02 +1.0104017e+00 +1.3275545e-02
+3.0095223e+01 +9.9184726e-01 +1.4997022e-03 +9.7402773e-01 -1.2725568e-02 +1.0095066e+00 +1.5724986e-02
+3.1777491e+01 +9.9343891e-01 +3.1896359e-03 +9.7755165e-01 -1.1373322e-02 +1.0093322e+00 +1.7778983e-02
+3.3553796e+01 +9.9534775e-01 +4.5751783e-03 +9.8057409e-01 -1.0320916e-02 +1.0101373e+00 +1.9278835e-02
+3.5429392e+01 +9.9717686e-01 +5.5950033e-03 +9.8272945e-01 -9.4603325e-03 +1.0120625e+00 +2.0088742e-02
+3.7409832e+01 +9.9911557e-01 +6.1433903e-03 +9.8437924e-01 -8.6891372e-03 +1.0144263e+00 +2.0499182e-02
+3.9500974e+01 +1.0011320e+00 +6.3315889e-03 +9.8541372e-01 -8.2199674e-03 +1.0173122e+00 +2.0116437e-02
+4.1709007e+01 +1.0030943e+00 +6.0892775e-03 +9.8640042e-01 -7.8601410e-03 +1.0200192e+00 +1.9467428e-02
+4.4040465e+01 +1.0049304e+00 +5.3940326e-03 +9.8737163e-01 -7.9381753e-03 +1.0227685e+00 +1.8551557e-02
+4.6502247e+01 +1.0063376e+00 +4.5387679e-03 +9.8828885e-01 -8.3894725e-03 +1.0247136e+00 +1.7423386e-02
+4.9101639e+01 +1.0075120e+00 +3.3438034e-03 +9.8918618e-01 -9.3412423e-03 +1.0262551e+00 +1.6223083e-02
+5.1846332e+01 +1.0081965e+00 +2.0685266e-03 +9.8998326e-01 -1.0512610e-02 +1.0268419e+00 +1.4991991e-02
+5.4744448e+01 +1.0085437e+00 +6.8156093e-04 +9.9087159e-01 -1.1994688e-02 +1.0270648e+00 +1.3888799e-02
+5.7804564e+01 +1.0086815e+00 -4.4263499e-04 +9.9182599e-01 -1.3513160e-02 +1.0264789e+00 +1.2942308e-02
+6.1035735e+01 +1.0083547e+00 -1.4498504e-03 +9.9248131e-01 -1.5185635e-02 +1.0251945e+00 +1.2088675e-02
+6.4447522e+01 +1.0079996e+00 -2.4299049e-03 +9.9283285e-01 -1.6618044e-02 +1.0233922e+00 +1.1557814e-02
+6.8050022e+01 +1.0074067e+00 -3.0432922e-03 +9.9341799e-01 -1.7971007e-02 +1.0213775e+00 +1.1329346e-02
+7.1853896e+01 +1.0064688e+00 -3.6188081e-03 +9.9377296e-01 -1.8847793e-02 +1.0189915e+00 +1.1230986e-02
+7.5870399e+01 +1.0055743e+00 -3.7705633e-03 +9.9427410e-01 -1.9399750e-02 +1.0169036e+00 +1.1304960e-02
+8.0111417e+01 +1.0047466e+00 -3.8106305e-03 +9.9467248e-01 -1.9743153e-02 +1.0147776e+00 +1.1806780e-02
+8.4589501e+01 +1.0039213e+00 -3.6946212e-03 +9.9500279e-01 -1.9597444e-02 +1.0127803e+00 +1.2266596e-02
+8.9317901e+01 +1.0031101e+00 -3.2113109e-03 +9.9504046e-01 -1.9198119e-02 +1.0111690e+00 +1.2791460e-02
+9.4310610e+01 +1.0023807e+00 -2.9045657e-03 +9.9491523e-01 -1.8674790e-02 +1.0099681e+00 +1.3078410e-02
+9.9582403e+01 +1.0018258e+00 -2.2294430e-03 +9.9440234e-01 -1.7956546e-02 +1.0095376e+00 +1.3453566e-02
+1.0514888e+02 +1.0013511e+00 -1.3795193e-03 +9.9358890e-01 -1.6753009e-02 +1.0094570e+00 +1.3641351e-02
+1.1102651e+02 +1.0002349e+00 +2.4150298e-04 +9.9161108e-01 -1.4933122e-02 +1.0089594e+00 +1.4853605e-02
+1.1723269e+02 +1.0009914e+00 +2.9362854e-04 +9.9147931e-01 -1.3426457e-02 +1.0105985e+00 +1.3609104e-02
+1.2378579e+02 +1.0009001e+00 +1.0503697e-03 +9.9038387e-01 -1.1596498e-02 +1.0115801e+00 +1.3266350e-02
+1.3070519e+02 +1.0009873e+00 +1.8470854e-03 +9.8936490e-01 -9.7142849e-03 +1.0126567e+00 +1.3002243e-02
+1.3801138e+02 +1.0012045e+00 +2.6707194e-03 +9.8872948e-01 -7.5738540e-03 +1.0136863e+00 +1.2499769e-02
+1.4572596e+02 +1.0014728e+00 +3.4366408e-03 +9.8849078e-01 -5.4039932e-03 +1.0148296e+00 +1.2032142e-02
+1.5387178e+02 +1.0020521e+00 +4.0393336e-03 +9.8877132e-01 -3.6721813e-03 +1.0155634e+00 +1.1638026e-02
+1.6247294e+02 +1.0026507e+00 +4.6122845e-03 +9.8948619e-01 -2.1146251e-03 +1.0162126e+00 +1.1268250e-02
+1.7155488e+02 +1.0036031e+00 +4.6286202e-03 +9.9085603e-01 -1.4194703e-03 +1.0167083e+00 +1.0449319e-02
+1.8114449e+02 +1.0042048e+00 +4.7919652e-03 +9.9191626e-01 -7.2936127e-04 +1.0168381e+00 +1.0139431e-02
+1.9127014e+02 +1.0048422e+00 +4.6527545e-03 +9.9324657e-01 -5.0666280e-04 +1.0167658e+00 +9.8066165e-03
+2.0196179e+02 +1.0054080e+00 +4.4228898e-03 +9.9427551e-01 -5.4979529e-04 +1.0166350e+00 +9.3923519e-03
+2.1325109e+02 +1.0057790e+00 +4.1552260e-03 +9.9526868e-01 -7.9334848e-04 +1.0162937e+00 +8.9672820e-03
+2.2517144e+02 +1.0061136e+00 +3.8322684e-03 +9.9623664e-01 -9.8025598e-04 +1.0158288e+00 +8.5757249e-03
+2.3775812e+02 +1.0063393e+00 +3.4882156e-03 +9.9694074e-01 -1.2232460e-03 +1.0153381e+00 +8.2411548e-03
+2.5104837e+02 +1.0064656e+00 +3.1788818e-03 +9.9758468e-01 -1.4321535e-03 +1.0148757e+00 +7.8910474e-03
+2.6508152e+02 +1.0064627e+00 +2.9095205e-03 +9.9798086e-01 -1.6016290e-03 +1.0144696e+00 +7.5627031e-03
+2.7989910e+02 +1.0063907e+00 +2.6705444e-03 +9.9852066e-01 -1.6884003e-03 +1.0140907e+00 +7.1890504e-03
+2.9554495e+02 +1.0062825e+00 +2.5020608e-03 +9.9881666e-01 -1.7332980e-03 +1.0137952e+00 +6.9134713e-03
+3.1206538e+02 +1.0062612e+00 +2.3874313e-03 +9.9915112e-01 -1.7474204e-03 +1.0135171e+00 +6.6559109e-03
+3.2950927e+02 +1.0059256e+00 +2.3169531e-03 +9.9901729e-01 -1.7045492e-03 +1.0129838e+00 +6.5030919e-03
+3.4792825e+02 +1.0057020e+00 +2.3767337e-03 +9.9890766e-01 -1.5561435e-03 +1.0126330e+00 +6.4155086e-03
+3.6737681e+02 +1.0053539e+00 +2.5794723e-03 +9.9870443e-01 -1.4162450e-03 +1.0121918e+00 +6.6237968e-03
+3.8791251e+02 +1.0048799e+00 +3.0142522e-03 +9.9821302e-01 -1.0962680e-03 +1.0117547e+00 +7.2011581e-03
+4.0959612e+02 +1.0064934e+00 +5.2496593e-03 +9.9954854e-01 +8.1813533e-04 +1.0137211e+00 +9.7959922e-03
+4.3249180e+02 +1.0043941e+00 +4.9068601e-03 +9.9767204e-01 +5.8254843e-05 +1.0114720e+00 +9.8821846e-03
+4.5666731e+02 +1.0057199e+00 +7.6194632e-03 +9.9855878e-01 +1.8219572e-03 +1.0130156e+00 +1.3427741e-02
+4.8219419e+02 +1.0101813e+00 +4.9610766e-03 +1.0024103e+00 +2.9109999e-04 +1.0180143e+00 +9.7343520e-03
+5.0914797e+02 +1.0083095e+00 +5.7041009e-03 +1.0007813e+00 +3.4944398e-04 +1.0161223e+00 +1.1109928e-02
+5.3760843e+02 +1.0104944e+00 +6.5509440e-03 +1.0022061e+00 +9.2510969e-04 +1.0189739e+00 +1.2128158e-02
+5.6765977e+02 +1.0084808e+00 +4.4000986e-03 +1.0007294e+00 -1.3168568e-03 +1.0165239e+00 +1.0022322e-02
+5.9939092e+02 +1.0080732e+00 +5.5108092e-03 +1.0000672e+00 -8.7283943e-04 +1.0162170e+00 +1.1920191e-02
+6.3289579e+02 +1.0087797e+00 +6.3034052e-03 +1.0003674e+00 -4.9712783e-04 +1.0171646e+00 +1.3139532e-02
+6.6827353e+02 +1.0095281e+00 +6.3226248e-03 +1.0008637e+00 -6.1691167e-04 +1.0183080e+00 +1.3376144e-02
+7.0562881e+02 +1.0100249e+00 +5.9965546e-03 +1.0011367e+00 -1.0127241e-03 +1.0190409e+00 +1.3126794e-02
+7.4507219e+02 +1.0101337e+00 +5.4881448e-03 +1.0012045e+00 -1.4544006e-03 +1.0193046e+00 +1.2700540e-02
+7.8672038e+02 +1.0099822e+00 +5.1298964e-03 +1.0010475e+00 -1.9749724e-03 +1.0191436e+00 +1.2339531e-02
+8.3069662e+02 +1.0096483e+00 +4.8200132e-03 +1.0006784e+00 -2.4439508e-03 +1.0188055e+00 +1.2100550e-02
+8.7713107e+02 +1.0091717e+00 +4.6110742e-03 +1.0001897e+00 -2.7340663e-03 +1.0183950e+00 +1.2088187e-02
+9.2616111e+02 +1.0089975e+00 +4.5357500e-03 +9.9979243e-01 -3.0750430e-03 +1.0182401e+00 +1.2184885e-02
+9.7793184e+02 +1.0085429e+00 +4.2094923e-03 +9.9938676e-01 -3.5154007e-03 +1.0178721e+00 +1.1994810e-02
+1.0325965e+03 +1.0080864e+00 +3.8247193e-03 +9.9892636e-01 -3.9729444e-03 +1.0175607e+00 +1.1775570e-02
+1.0903167e+03 +1.0075499e+00 +3.4576740e-03 +9.9836069e-01 -4.3731625e-03 +1.0171759e+00 +1.1658365e-02
+1.1512635e+03 +1.0069635e+00 +3.1949866e-03 +9.9778785e-01 -4.9110552e-03 +1.0166861e+00 +1.1458328e-02
+1.2156170e+03 +1.0064209e+00 +2.7487411e-03 +9.9707833e-01 -5.5490346e-03 +1.0163045e+00 +1.1231149e-02
+1.2835678e+03 +1.0058823e+00 +2.2640355e-03 +9.9635257e-01 -6.3981199e-03 +1.0158950e+00 +1.0997324e-02
+1.3553170e+03 +1.0053179e+00 +1.7677638e-03 +9.9552282e-01 -7.2107202e-03 +1.0155401e+00 +1.0796134e-02
+1.4310767e+03 +1.0048143e+00 +1.2927191e-03 +9.9476784e-01 -8.0573977e-03 +1.0152363e+00 +1.0638396e-02
+1.5110713e+03 +1.0043304e+00 +7.0798613e-04 +9.9404609e-01 -9.0178540e-03 +1.0148933e+00 +1.0466227e-02
+1.5955375e+03 +1.0037724e+00 +1.6546362e-04 +9.9332642e-01 -1.0073901e-02 +1.0147881e+00 +1.0279533e-02
+1.6847252e+03 +1.0034695e+00 -4.0469977e-04 +9.9265826e-01 -1.1103175e-02 +1.0148004e+00 +1.0110125e-02
+1.7788982e+03 +1.0032297e+00 -1.1158919e-03 +9.9207007e-01 -1.2284641e-02 +1.0150175e+00 +1.0028519e-02
+1.8783354e+03 +1.0030439e+00 -1.7796650e-03 +9.9155477e-01 -1.3478984e-02 +1.0152937e+00 +9.9877543e-03
+1.9833310e+03 +1.0030126e+00 -2.4492408e-03 +9.9095888e-01 -1.4765961e-02 +1.0157318e+00 +9.9778966e-03
+2.0941956e+03 +1.0031092e+00 -3.1769896e-03 +9.9062517e-01 -1.6088895e-02 +1.0161631e+00 +9.8123046e-03
+2.2112574e+03 +1.0034717e+00 -3.8802067e-03 +9.9033441e-01 -1.7487874e-02 +1.0168109e+00 +9.8046619e-03
+2.3348627e+03 +1.0039744e+00 -4.5185283e-03 +9.9024420e-01 -1.8790708e-02 +1.0178578e+00 +9.8263606e-03
+2.4653773e+03 +1.0046428e+00 -5.1709005e-03 +9.9031284e-01 -2.0230860e-02 +1.0192148e+00 +1.0104174e-02
+2.6031874e+03 +1.0053528e+00 -5.6411562e-03 +9.9011692e-01 -2.1835986e-02 +1.0211149e+00 +1.0351927e-02
+2.7487009e+03 +1.0063200e+00 -6.1844653e-03 +9.9017618e-01 -2.3613307e-02 +1.0232656e+00 +1.0946268e-02
+2.9023483e+03 +1.0075931e+00 -6.8054470e-03 +9.9014816e-01 -2.5567082e-02 +1.0258542e+00 +1.1918260e-02
+3.0645843e+03 +1.0090566e+00 -7.1793390e-03 +9.8988926e-01 -2.7807375e-02 +1.0289907e+00 +1.3108674e-02
+3.2358891e+03 +1.0107625e+00 -7.7563078e-03 +9.8918358e-01 -3.0673771e-02 +1.0328680e+00 +1.4866536e-02
+3.4167694e+03 +1.0127440e+00 -8.2797391e-03 +9.8822054e-01 -3.3792997e-02 +1.0373064e+00 +1.7073552e-02
+3.6077607e+03 +1.0149069e+00 -8.6770812e-03 +9.8724213e-01 -3.7473358e-02 +1.0429384e+00 +1.9972609e-02
+3.8094280e+03 +1.0168674e+00 -9.2621333e-03 +9.8555622e-01 -4.1706592e-02 +1.0495616e+00 +2.3598126e-02
+4.0223681e+03 +1.0190199e+00 -9.4705232e-03 +9.8375048e-01 -4.6240107e-02 +1.0569623e+00 +2.7495566e-02
+4.2472112e+03 +1.0211752e+00 -9.7596873e-03 +9.8133350e-01 -5.1420427e-02 +1.0646304e+00 +3.2315659e-02
+4.4846227e+03 +1.0233272e+00 -9.9062041e-03 +9.7819227e-01 -5.7135818e-02 +1.0735903e+00 +3.7857853e-02
+4.7353050e+03 +1.0258651e+00 -1.0160381e-02 +9.7492450e-01 -6.3215124e-02 +1.0833286e+00 +4.3561394e-02
+5.0000000e+03 +1.0285305e+00 -1.0062049e-02 +9.7137856e-01 -6.9668226e-02 +1.0946776e+00 +5.0022532e-02
