# Frequency    Median Mag     Phase (Rad)    -1 Sigma Mag   -1 Sigma Phase +1 Sigma Mag   +1 Sigma Phase
+5.0000000e+00 +1.0000000e+00 +0.0000000e+00 +9.5000000e-01 -3.5001410e-02 +1.0500000e+00 +3.5001410e-02
+5.3613361e+00 +1.0000000e+00 +0.0000000e+00 +9.5000000e-01 -3.5001621e-02 +1.0500000e+00 +3.5001621e-02
+5.7487850e+00 +1.0000000e+00 +0.0000000e+00 +9.5000000e-01 -3.5001864e-02 +1.0500000e+00 +3.5001864e-02
+6.1642337e+00 +1.0000000e+00 +0.0000000e+00 +9.5000000e-01 -3.5002143e-02 +1.0500000e+00 +3.5002143e-02
+6.6097057e+00 +1.0000000e+00 +0.0000000e+00 +9.5000000e-01 -3.5002464e-02 +1.0500000e+00 +3.5002464e-02
+7.0873708e+00 +1.0000000e+00 +0.0000000e+00 +9.5000000e-01 -3.5002833e-02 +1.0500000e+00 +3.5002833e-02
+7.5995554e+00 +1.0000000e+00 +0.0000000e+00 +9.5000000e-01 -3.5003257e-02 +1.0500000e+00 +3.5003257e-02
+8.1487542e+00 +1.0000000e+00 +0.0000000e+00 +9.5000000e-01 -3.5003745e-02 +1.0500000e+00 +3.5003745e-02
+8.7376420e+00 +1.0000000e+00 +0.0000000e+00 +9.5000000e-01 -3.5004305e-02 +1.0500000e+00 +3.5004305e-02
+9.3690871e+00 +1.0000000e+00 +0.0000000e+00 +9.5000000e-01 -3.5004950e-02 +1.0500000e+00 +3.5004950e-02
+1.0046165e+01 +1.0000000e+00 +0.0000000e+00 +9.5000000e-01 -3.5005692e-02 +1.0500000e+00 +3.5005692e-02
+1.0772173e+01 +1.0000000e+00 +0.0000000e+00 +9.5000000e-01 -3.5006544e-02 +1.0500000e+00 +3.5006544e-02
+1.1550649e+01 +1.0000000e+00 +0.0000000e+00 +9.5000000e-01 -3.5007524e-02 +1.0500000e+00 +3.5007524e-02
+1.2385382e+01 +1.0000000e+00 +0.0000000e+00 +9.5000000e-01 -3.5008650e-02 +1.0500000e+00 +3.5008650e-02
+1.3280439e+01 +1.0000000e+00 +0.0000000e+00 +9.5000000e-01 -3.5009945e-02 +1.0500000e+00 +3.5009945e-02
+1.4240179e+01 +1.0000000e+00 +0.0000000e+00 +9.5000000e-01 -3.5011435e-02 +1.0500000e+00 +3.5011435e-02
+1.5269278e+01 +1.0000000e+00 +0.0000000e+00 +9.5000000e-01 -3.5013147e-02 +1.0500000e+00 +3.5013147e-02
+1.6372746e+01 +1.0000000e+00 +0.0000000e+00 +9.5000000e-01 -3.5015115e-02 +1.0500000e+00 +3.5015115e-02
+1.7555959e+01 +1.0000000e+00 +0.0000000e+00 +9.5000000e-01 -3.5017378e-02 +1.0500000e+00 +3.5017378e-02
+1.8824679e+01 +1.0000000e+00 +0.0000000e+00 +9.5000000e-01 -3.5019980e-02 +1.0500000e+00 +3.5019980e-02
+2.0185086e+01 +1.0000000e+00 +0.0000000e+00 +9.5000000e-01 -3.5022971e-02 +1.0500000e+00 +3.5022971e-02
+2.1643806e+01 +1.0000000e+00 +0.0000000e+00 +9.5000000e-01 -3.5026410e-02 +1.0500000e+00 +3.5026410e-02
+2.3207944e+01 +1.0000000e+00 +0.0000000e+00 +9.5000000e-01 -3.5030363e-02 +1.0500000e+00 +3.5030363e-02
+2.4885118e+01 +1.0000000e+00 +0.0000000e+00 +9.5000000e-01 -3.5034908e-02 +1.0500000e+00 +3.5034908e-02
+2.6683496e+01 +1.0000000e+00 +0.0000000e+00 +9.5000000e-01 -3.5040133e-02 +1.0500000e+00 +3.5040133e-02
+2.8611838e+01 +1.0000000e+00 +0.0000000e+00 +9.5000000e-01 -3.5046139e-02 +1.0500000e+00 +3.5046139e-02
+3.0679536e+01 +1.0000000e+00 +0.0000000e+00 +9.5000000e-01 -3.5053043e-02 +1.0500000e+00 +3.5053043e-02
+3.2896661e+01 +1.0000000e+00 +0.0000000e+00 +9.5000000e-01 -3.5060980e-02 +1.0500000e+00 +3.5060980e-02
+3.5274012e+01 +1.0000000e+00 +0.0000000e+00 +9.5000000e-01 -3.5070103e-02 +1.0500000e+00 +3.5070103e-02
+3.7823166e+01 +1.0000000e+00 +0.0000000e+00 +9.5000000e-01 -3.5080589e-02 +1.0500000e+00 +3.5080589e-02
+4.0556542e+01 +1.0000000e+00 +0.0000000e+00 +9.5000000e-01 -3.5092642e-02 +1.0500000e+00 +3.5092642e-02
+4.3487450e+01 +1.0000000e+00 +0.0000000e+00 +9.5000000e-01 -3.5106495e-02 +1.0500000e+00 +3.5106495e-02
+4.6630167e+01 +1.0000000e+00 +0.0000000e+00 +9.5000000e-01 -3.5122416e-02 +1.0500000e+00 +3.5122416e-02
+5.0000000e+01 +1.0000000e+00 +0.0000000e+00 +9.5000000e-01 -3.5140711e-02 +1.0500000e+00 +3.5140711e-02
+5.3613361e+01 +1.0000000e+00 +0.0000000e+00 +9.5000000e-01 -3.5161736e-02 +1.0500000e+00 +3.5161736e-02
+5.7487850e+01 +1.0000000e+00 +0.0000000e+00 +9.5000000e-01 -3.5185893e-02 +1.0500000e+00 +3.5185893e-02
+6.1642337e+01 +1.0000000e+00 +0.0000000e+00 +9.5000000e-01 -3.5213647e-02 +1.0500000e+00 +3.5213647e-02
+6.6097057e+01 +1.0000000e+00 +0.0000000e+00 +9.5000000e-01 -3.5245530e-02 +1.0500000e+00 +3.5245530e-02
+7.0873708e+01 +1.0000000e+00 +0.0000000e+00 +9.5000000e-01 -3.5282153e-02 +1.0500000e+00 +3.5282153e-02
+7.5995554e+01 +1.0000000e+00 +0.0000000e+00 +9.5000000e-01 -3.5324214e-02 +1.0500000e+00 +3.5324214e-02
+8.1487542e+01 +1.0000000e+00 +0.0000000e+00 +9.5000000e-01 -3.5372511e-02 +1.0500000e+00 +3.5372511e-02
+8.7376420e+01 +1.0000000e+00 +0.0000000e+00 +9.5000000e-01 -3.5427960e-02 +1.0500000e+00 +3.5427960e-02
+9.3690871e+01 +1.0000000e+00 +0.0000000e+00 +9.5000000e-01 -3.5491606e-02 +1.0500000e+00 +3.5491606e-02
+1.0046165e+02 +1.0000000e+00 +0.0000000e+00 +9.5000000e-01 -3.5564642e-02 +1.0500000e+00 +3.5564642e-02
+1.0772173e+02 +1.0000000e+00 +0.0000000e+00 +9.5000000e-01 -3.5648431e-02 +1.0500000e+00 +3.5648431e-02
+1.1550649e+02 +1.0000000e+00 +0.0000000e+00 +9.5000000e-01 -3.5744526e-02 +1.0500000e+00 +3.5744526e-02
+1.2385382e+02 +1.0000000e+00 +0.0000000e+00 +9.5000000e-01 -3.5854693e-02 +1.0500000e+00 +3.5854693e-02
+1.3280439e+02 +1.0000000e+00 +0.0000000e+00 +9.5000000e-01 -3.5980941e-02 +1.0500000e+00 +3.5980941e-02
+1.4240179e+02 +1.0000000e+00 +0.0000000e+00 +9.5000000e-01 -3.6125551e-02 +1.0500000e+00 +3.6125551e-02
+1.5269278e+02 +1.0000000e+00 +0.0000000e+00 +9.5000000e-01 -3.6291104e-02 +1.0500000e+00 +3.6291104e-02
+1.6372746e+02 +1.0000000e+00 +0.0000000e+00 +9.5000000e-01 -3.6480523e-02 +1.0500000e+00 +3.6480523e-02
+1.7555959e+02 +1.0000000e+00 +0.0000000e+00 +9.5000000e-01 -3.6697099e-02 +1.0500000e+00 +3.6697099e-02
+1.8824679e+02 +1.0000000e+00 +0.0000000e+00 +9.5000000e-01 -3.6944541e-02 +1.0500000e+00 +3.6944541e-02
+2.0185086e+02 +1.0000000e+00 +0.0000000e+00 +9.5000000e-01 -3.7227006e-02 +1.0500000e+00 +3.7227006e-02
+2.1643806e+02 +1.0000000e+00 +0.0000000e+00 +9.5000000e-01 -3.7549146e-02 +1.0500000e+00 +3.7549146e-02
+2.3207944e+02 +1.0000000e+00 +0.0000000e+00 +9.5000000e-01 -3.7916147e-02 +1.0500000e+00 +3.7916147e-02
+2.4885118e+02 +1.0000000e+00 +0.0000000e+00 +9.5000000e-01 -3.8333766e-02 +1.0500000e+00 +3.8333766e-02
+2.6683496e+02 +1.0000000e+00 +0.0000000e+00 +9.5000000e-01 -3.8808374e-02 +1.0500000e+00 +3.8808374e-02
+2.8611838e+02 +1.0000000e+00 +0.0000000e+00 +9.5000000e-01 -3.9346983e-02 +1.0500000e+00 +3.9346983e-02
+3.0679536e+02 +1.0000000e+00 +0.0000000e+00 +9.5000000e-01 -3.9957281e-02 +1.0500000e+00 +3.9957281e-02
+3.2896661e+02 +1.0000000e+00 +0.0000000e+00 +9.5000000e-01 -4.0647652e-02 +1.0500000e+00 +4.0647652e-02
+3.5274012e+02 +1.0000000e+00 +0.0000000e+00 +9.5000000e-01 -4.1427196e-02 +1.0500000e+00 +4.1427196e-02
+3.7823166e+02 +1.0000000e+00 +0.0000000e+00 +9.5000000e-01 -4.2305733e-02 +1.0500000e+00 +4.2305733e-02
+4.0556542e+02 +1.0000000e+00 +0.0000000e+00 +9.5000000e-01 -4.3293811e-02 +1.0500000e+00 +4.3293811e-02
+4.3487450e+02 +1.0000000e+00 +0.0000000e+00 +9.5000000e-01 -4.4402696e-02 +1.0500000e+00 +4.4402696e-02
+4.6630167e+02 +1.0000000e+00 +0.0000000e+00 +9.5000000e-01 -4.5644363e-02 +1.0500000e+00 +4.5644363e-02
+5.0000000e+02 +1.0000000e+00 +0.0000000e+00 +9.5000000e-01 -4.7031483e-02 +1.0500000e+00 +4.7031483e-02
+5.3613361e+02 +1.0000000e+00 +0.0000000e+00 +9.5000000e-01 -4.8577409e-02 +1.0500000e+00 +4.8577409e-02
+5.7487850e+02 +1.0000000e+00 +0.0000000e+00 +9.5000000e-01 -5.0296159e-02 +1.0500000e+00 +5.0296159e-02
+6.1642337e+02 +1.0000000e+00 +0.0000000e+00 +9.5000000e-01 -5.2202415e-02 +1.0500000e+00 +5.2202415e-02
+6.6097057e+02 +1.0000000e+00 +0.0000000e+00 +9.5000000e-01 -5.4311522e-02 +1.0500000e+00 +5.4311522e-02
+7.0873708e+02 +1.0000000e+00 +0.0000000e+00 +9.5000000e-01 -5.6639505e-02 +1.0500000e+00 +5.6639505e-02
+7.5995554e+02 +1.0000000e+00 +0.0000000e+00 +9.5000000e-01 -5.9203096e-02 +1.0500000e+00 +5.9203096e-02
+8.1487542e+02 +1.0000000e+00 +0.0000000e+00 +9.5000000e-01 -6.2019784e-02 +1.0500000e+00 +6.2019784e-02
+8.7376420e+02 +1.0000000e+00 +0.0000000e+00 +9.5000000e-01 -6.5107869e-02 +1.0500000e+00 +6.5107869e-02
+9.3690871e+02 +1.0000000e+00 +0.0000000e+00 +9.5000000e-01 -6.8486549e-02 +1.0500000e+00 +6.8486549e-02
+1.0046165e+03 +1.0000000e+00 +0.0000000e+00 +9.5000000e-01 -7.2176009e-02 +1.0500000e+00 +7.2176009e-02
+1.0772173e+03 +1.0000000e+00 +0.0000000e+00 +9.5000000e-01 -7.6197536e-02 +1.0500000e+00 +7.6197536e-02
+1.1550649e+03 +1.0000000e+00 +0.0000000e+00 +9.5000000e-01 -8.0573637e-02 +1.0500000e+00 +8.0573637e-02
+1.2385382e+03 +1.0000000e+00 +0.0000000e+00 +9.5000000e-01 -8.5328177e-02 +1.0500000e+00 +8.5328177e-02
+1.3280439e+03 +1.0000000e+00 +0.0000000e+00 +9.5000000e-01 -9.0486523e-02 +1.0500000e+00 +9.0486523e-02
+1.4240179e+03 +1.0000000e+00 +0.0000000e+00 +9.5000000e-01 -9.6075701e-02 +1.0500000e+00 +9.6075701e-02
+1.5269278e+03 +1.0000000e+00 +0.0000000e+00 +9.5000000e-01 -1.0212456e-01 +1.0500000e+00 +1.0212456e-01
+1.6372746e+03 +1.0000000e+00 +0.0000000e+00 +9.5000000e-01 -1.0866395e-01 +1.0500000e+00 +1.0866395e-01
+1.7555959e+03 +1.0000000e+00 +0.0000000e+00 +9.5000000e-01 -1.1572688e-01 +1.0500000e+00 +1.1572688e-01
+1.8824679e+03 +1.0000000e+00 +0.0000000e+00 +9.5000000e-01 -1.2334873e-01 +1.0500000e+00 +1.2334873e-01
+2.0185086e+03 +1.0000000e+00 +0.0000000e+00 +9.5000000e-01 -1.3156746e-01 +1.0500000e+00 +1.3156746e-01
+2.1643806e+03 +1.0000000e+00 +0.0000000e+00 +9.5000000e-01 -1.4042378e-01 +1.0500000e+00 +1.4042378e-01
+2.3207944e+03 +1.0000000e+00 +0.0000000e+00 +9.5000000e-01 -1.4996139e-01 +1.0500000e+00 +1.4996139e-01
+2.4885118e+03 +1.0000000e+00 +0.0000000e+00 +9.5000000e-01 -1.6022723e-01 +1.0500000e+00 +1.6022723e-01
+2.6683496e+03 +1.0000000e+00 +0.0000000e+00 +9.5000000e-01 -1.7127168e-01 +1.0500000e+00 +1.7127168e-01
+2.8611838e+03 +1.0000000e+00 +0.0000000e+00 +9.5000000e-01 -1.8314886e-01 +1.0500000e+00 +1.8314886e-01
+3.0679536e+03 +1.0000000e+00 +0.0000000e+00 +9.5000000e-01 -1.9591689e-01 +1.0500000e+00 +1.9591689e-01
+3.2896661e+03 +1.0000000e+00 +0.0000000e+00 +9.5000000e-01 -2.0963817e-01 +1.0500000e+00 +2.0963817e-01
+3.5274012e+03 +1.0000000e+00 +0.0000000e+00 +9.5000000e-01 -2.2437971e-01 +1.0500000e+00 +2.2437971e-01
+3.7823166e+03 +1.0000000e+00 +0.0000000e+00 +9.5000000e-01 -2.4021346e-01 +1.0500000e+00 +2.4021346e-01
+4.0556542e+03 +1.0000000e+00 +0.0000000e+00 +9.5000000e-01 -2.5721665e-01 +1.0500000e+00 +2.5721665e-01
+4.3487450e+03 +1.0000000e+00 +0.0000000e+00 +9.5000000e-01 -2.7547221e-01 +1.0500000e+00 +2.7547221e-01
+4.6630167e+03 +1.0000000e+00 +0.0000000e+00 +9.5000000e-01 -2.9506912e-01 +1.0500000e+00 +2.9506912e-01
+5.0000000e+03 +1.0000000e+00 +0.0000000e+00 +9.5000000e-01 -3.1610290e-01 +1.0500000e+00 +3.1610290e-01
8192.0 1.0 0.0 0.95 -0.3161029 1.05 0.3161029
